(20,-9999) (20,-9999) (20,-9999) (20,-9999) (20,-9999) (20,-9999) (20,-9999) (20,-9999) (20,-9999) (20,-9999) (20,-9999) (20,-9999) (20,-9999) (20,-9999) (20,-9999) (20,-9999) (20,-9999) (20,-9999) (20,-9999) (20,-9999) (20,-9999)
(20,-9999) (20,-9999) (20,-9999) (20,-9999) (20,-9999) (20,-9999) (20,-9999) (20,-9999) (20,-9999) (20,-9999) (20,-9999) (20,-9999) (20,-9999) (20,-9999) (20,-9999) (20,-9999) (20,-9999) (20,-9999) (20,-9999) (20,-9999) (20,-9999)
(20,-9999) (20,-9999) (20,-9999) (20,-9999) (20,-9999) (20,-9999) (20,-9999) (20,-9999) (20,-9999) (20,-9999) (20,-9999) (20,-9999) (20,-9999) (20,-9999) (20,-9999) (20,-9999) (20,-9999) (20,-9999) (20,-9999) (20,-9999) (20,-9999)
(20,-9999) (20,-9999) (20,-9999) (20,-9999) (20,-9999) (20,-9999) (20,-9999) (20,-9999) (20,-9999) (20,-9999) (20,-9999) (20,-9999) (20,-9999) (20,-9999) (20,-9999) (20,-9999) (20,-9999) (20,-9999) (20,-9999) (20,-9999) (20,-9999)
(20,-9999) (20,-9999) (20,-9999) (20,-9999) (20,-9999) (20,-9999) (20,-9999) (20,-9999) (20,-9999) (20,-9999) (20,-9999) (20,-9999) (20,-9999) (20,-9999) (20,-9999) (20,-9999) (20,-9999) (20,-9999) (20,-9999) (20,-9999) (20,-9999)
(20,-9999) (20,-9999) (20,-9999) (20,-9999) (20,-9999) (0,0) (-1,-1) (0,0) (0,0) (1,0) (0,0) (0,0) (0,0) (0,0) (0,0) (0,0) (20,-9999) (20,-9999) (20,-9999) (20,-9999) (20,-9999)
(20,-9999) (20,-9999) (20,-9999) (20,-9999) (20,-9999) (0,0) (0,0) (0,0) (0,0) (1,0) (0,0) (0,0) (0,0) (0,0) (0,0) (0,0) (20,-9999) (20,-9999) (20,-9999) (20,-9999) (20,-9999)
(20,-9999) (20,-9999) (20,-9999) (20,-9999) (20,-9999) (0,0) (0,0) (0,0) (0,0) (1,0) (0,0) (0,0) (0,0) (0,0) (0,0) (0,1) (20,-9999) (20,-9999) (20,-9999) (20,-9999) (20,-9999)
(20,-9999) (20,-9999) (20,-9999) (20,-9999) (20,-9999) (0,0) (0,0) (0,0) (0,1) (1,0) (0,0) (0,0) (0,0) (0,0) (0,0) (0,0) (20,-9999) (20,-9999) (20,-9999) (20,-9999) (20,-9999)
(20,-9999) (20,-9999) (20,-9999) (20,-9999) (20,-9999) (0,0) (0,0) (0,0) (0,1) (1,0) (0,0) (0,1) (0,0) (0,0) (0,0) (0,0) (20,-9999) (20,-9999) (20,-9999) (20,-9999) (20,-9999)
(20,-9999) (20,-9999) (20,-9999) (20,-9999) (20,-9999) (0,0) (0,0) (0,0) (0,0) (1,0) (0,0) (0,0) (0,0) (0,0) (0,0) (0,0) (20,-9999) (20,-9999) (20,-9999) (20,-9999) (20,-9999)
(20,-9999) (20,-9999) (20,-9999) (20,-9999) (20,-9999) (0,0) (-1,-1) (0,0) (0,0) (1,0) (0,0) (0,0) (0,0) (0,0) (-1,-1) (0,0) (20,-9999) (20,-9999) (20,-9999) (20,-9999) (20,-9999)
(20,-9999) (20,-9999) (20,-9999) (20,-9999) (20,-9999) (0,0) (0,0) (0,0) (0,0) (1,0) (0,0) (0,10) (0,10) (0,0) (0,0) (0,0) (20,-9999) (20,-9999) (20,-9999) (20,-9999) (20,-9999)
(20,-9999) (20,-9999) (20,-9999) (20,-9999) (20,-9999) (0,0) (0,0) (0,0) (0,0) (1,0) (0,0) (0,0) (0,0) (0,0) (0,0) (0,0) (20,-9999) (20,-9999) (20,-9999) (20,-9999) (20,-9999)
(20,-9999) (20,-9999) (20,-9999) (20,-9999) (20,-9999) (20,-9999) (20,-9999) (20,-9999) (20,-9999) (20,-9999) (20,-9999) (20,-9999) (20,-9999) (20,-9999) (20,-9999) (20,-9999) (20,-9999) (20,-9999) (20,-9999) (20,-9999) (20,-9999)
(20,-9999) (20,-9999) (20,-9999) (20,-9999) (20,-9999) (20,-9999) (20,-9999) (20,-9999) (20,-9999) (20,-9999) (20,-9999) (20,-9999) (20,-9999) (20,-9999) (20,-9999) (20,-9999) (20,-9999) (20,-9999) (20,-9999) (20,-9999) (20,-9999)
(20,-9999) (20,-9999) (20,-9999) (20,-9999) (20,-9999) (20,-9999) (20,-9999) (20,-9999) (20,-9999) (20,-9999) (20,-9999) (20,-9999) (20,-9999) (20,-9999) (20,-9999) (20,-9999) (20,-9999) (20,-9999) (20,-9999) (20,-9999) (20,-9999)
(20,-9999) (20,-9999) (20,-9999) (20,-9999) (20,-9999) (20,-9999) (20,-9999) (20,-9999) (20,-9999) (20,-9999) (20,-9999) (20,-9999) (20,-9999) (20,-9999) (20,-9999) (20,-9999) (20,-9999) (20,-9999) (20,-9999) (20,-9999) (20,-9999)
(20,-9999) (20,-9999) (20,-9999) (20,-9999) (20,-9999) (20,-9999) (20,-9999) (20,-9999) (20,-9999) (20,-9999) (20,-9999) (20,-9999) (20,-9999) (20,-9999) (20,-9999) (20,-9999) (20,-9999) (20,-9999) (20,-9999) (20,-9999) (20,-9999)
(20,-9999) (20,-9999) (20,-9999) (20,-9999) (20,-9999) (20,-9999) (20,-9999) (20,-9999) (20,-9999) (20,-9999) (20,-9999) (20,-9999) (20,-9999) (20,-9999) (20,-9999) (20,-9999) (20,-9999) (20,-9999) (20,-9999) (20,-9999) (20,-9999)
