(20,-9999) (20,-9999) (20,-9999) (20,-9999) (20,-9999) (20,-9999) (20,-9999) (20,-9999) (20,-9999) (20,-9999) (20,-9999) (20,-9999) (20,-9999) (20,-9999) (20,-9999) (20,-9999) (20,-9999) (20,-9999) (20,-9999) (20,-9999)
(20,-9999) (20,-9999) (20,-9999) (20,-9999) (20,-9999) (20,-9999) (20,-9999) (20,-9999) (20,-9999) (20,-9999) (20,-9999) (20,-9999) (20,-9999) (20,-9999) (20,-9999) (20,-9999) (20,-9999) (20,-9999) (20,-9999) (20,-9999)
(20,-9999) (20,-9999) (0,0) (1,0) (1,0) (0,0) (L,L) (0,0) (0,0) (1,0) (0,1) (0,1) (1,0) (0,0) (0,0) (0,0) (0,0) (0,0) (0,0) (20,-9999) (20,-9999)
(20,-9999) (20,-9999) (0,0) (0,0) (0,0) (1,0) (0,0) (0,0) (0,0) (1,0) (0,1) (0,1) (0,0) (0,0) (0,0) (0,0) (0,0) (0,0) (0,0) (20,-9999) (20,-9999)
(20,-9999) (20,-9999) (0,0) (0,0) (0,0) (0,0) (0,0) (0,0) (0,0) (1,0) (0,1) (L,L) (0,0) (0,0) (1,0) (0,0) (0,0) (0,0) (0,0) (20,-9999) (20,-9999)
(20,-9999) (20,-9999) (0,0) (0,0) (0,0) (0,0) (L,L) (0,0) (0,0) (1,0) (0,1) (0,1) (0,0) (0,0) (0,0) (1,0) (0,0) (0,0) (0,0) (20,-9999) (20,-9999)
(20,-9999) (20,-9999) (0,0) (0,0) (0,0) (0,0) (0,0) (0,1) (0,0) (1,0) (0,1) (0,1) (0,0) (0,0) (L,L) (0,0) (1,0) (1,0) (0,0) (20,-9999) (20,-9999)
(20,-9999) (20,-9999) (0,0) (0,0) (0,0) (0,0) (0,0) (0,0) (0,0) (1,0) (0,1) (0,1) (0,0) (0,0) (0,0) (0,0) (0,0) (0,0) (0,0) (20,-9999) (20,-9999)
(20,-9999) (20,-9999) (0,0) (0,0) (0,0) (0,0) (L,L) (0,0) (0,0) (1,0) (0,1) (1,1) (0,0) (0,0) (0,0) (0,0) (0,0) (0,0) (0,0) (20,-9999) (20,-9999)
(20,-9999) (20,-9999) (0,0) (0,0) (0,0) (0,0) (0,0) (L,L) (0,0) (1,0) (L,L) (0,1) (0,0) (0,0) (0,0) (1,0) (0,0) (0,0) (0,0) (20,-9999) (20,-9999)
(20,-9999) (20,-9999) (0,0) (0,0) (L,L) (0,0) (0,0) (0,1) (0,0) (1,0) (0,1) (0,1) (0,0) (0,0) (0,0) (L,L) (0,0) (0,0) (0,0) (20,-9999) (20,-9999)
(20,-9999) (20,-9999) (0,0) (0,0) (0,0) (0,0) (L,L) (0,0) (0,0) (1,0) (0,1) (0,1) (0,0) (L,L) (0,0) (0,0) (0,0) (0,0) (0,0) (20,-9999) (20,-9999)
(20,-9999) (20,-9999) (0,0) (0,0) (0,0) (0,0) (L,L) (0,0) (0,0) (1,0) (0,1) (0,1) (0,0) (0,0) (0,0) (0,0) (0,0) (0,0) (0,0) (20,-9999) (20,-9999)
(20,-9999) (20,-9999) (0,0) (0,0) (0,0) (0,0) (0,0) (0,0) (1,0) (1,0) (0,1) (0,1) (0,0) (0,0) (0,0) (0,0) (0,0) (L,L) (0,0) (20,-9999) (20,-9999)
(20,-9999) (20,-9999) (0,0) (0,0) (0,0) (0,0) (L,L) (0,0) (0,0) (1,0) (0,1) (1,1) (0,0) (0,0) (0,0) (0,0) (0,0) (0,0) (0,0) (20,-9999) (20,-9999)
(20,-9999) (20,-9999) (0,0) (0,0) (0,0) (L,L) (0,0) (0,0) (0,0) (1,0) (0,1) (1,1) (0,0) (0,0) (0,0) (0,0) (0,0) (0,0) (0,0) (20,-9999) (20,-9999)
(20,-9999) (20,-9999) (0,0) (0,0) (L,L) (0,0) (0,0) (1,0) (0,0) (1,0) (0,1) (0,1) (0,0) (0,0) (0,0) (0,0) (0,0) (0,0) (0,0) (20,-9999) (20,-9999)
(20,-9999) (20,-9999) (0,0) (0,0) (0,0) (0,0) (L,L) (0,0) (0,0) (1,0) (0,1) (0,1) (0,0) (0,0) (0,0) (0,0) (0,0) (0,0) (0,0) (20,-9999) (20,-9999)
(20,-9999) (20,-9999) (20,-9999) (20,-9999) (20,-9999) (20,-9999) (20,-9999) (20,-9999) (20,-9999) (20,-9999) (20,-9999) (20,-9999) (20,-9999) (20,-9999) (20,-9999) (20,-9999) (20,-9999) (20,-9999) (20,-9999) (20,-9999)
(20,-9999) (20,-9999) (20,-9999) (20,-9999) (20,-9999) (20,-9999) (20,-9999) (20,-9999) (20,-9999) (20,-9999) (20,-9999) (20,-9999) (20,-9999) (20,-9999) (20,-9999) (20,-9999) (20,-9999) (20,-9999) (20,-9999) (20,-9999)
